0 40 95
1 9 85
1 15 72
1 25 86
1 41 6
2 4 13
2 5 57
2 20 28
2 33 94
2 35 2
3 4 66
3 17 35
4 5 98
4 24 2
4 29 35
5 39 93
5 41 50
6 7 29
6 11 1
6 38 30
7 20 23
7 42 20
7 45 92
9 18 85
9 32 96
9 39 15
10 11 23
11 17 31
12 28 79
12 31 93
12 34 39
13 23 27
13 29 84
13 33 25
16 33 57
17 20 55
17 31 16
17 40 66
18 28 90
19 22 12
19 34 87
20 41 98
21 33 68
22 27 69
23 30 23
23 32 72
23 40 25
23 43 8
23 46 21
23 49 7
24 30 11
24 38 4
24 40 10
25 37 10
25 40 23
26 38 97
27 31 11
28 32 4
30 45 65
31 46 41
33 34 37
33 45 66
34 39 56
35 48 18
36 39 97
37 39 14
37 42 59
38 39 19
38 46 87
42 45 95
47 48 73
48 49 77
