0 17 46
0 18 16
0 19 1
0 39 79
0 56 24
0 60 50
0 63 1
1 23 88
1 62 51
2 8 14
2 50 84
2 57 10
2 65 93
3 6 64
3 31 1
3 63 15
4 17 57
4 25 34
4 37 25
4 73 46
5 27 61
5 28 28
5 38 34
5 65 3
6 12 97
6 47 66
6 60 36
6 75 64
7 13 69
7 16 18
7 20 11
7 59 72
7 79 34
8 53 87
8 58 55
8 70 85
8 73 2
9 11 4
9 30 7
9 75 77
10 17 53
10 21 75
10 24 12
10 35 81
10 42 49
10 45 73
10 56 44
10 75 76
11 16 88
11 33 16
11 36 30
11 50 86
11 67 94
12 52 86
13 33 56
13 65 55
14 15 52
14 68 43
15 25 74
15 47 26
15 71 30
16 25 31
16 76 85
17 52 81
17 57 15
17 63 8
17 78 37
19 58 66
20 53 89
20 73 94
21 37 40
21 53 53
22 24 26
22 40 62
22 74 89
23 30 27
23 37 15
23 66 34
24 27 96
24 52 21
25 38 60
25 61 14
25 66 41
26 27 9
27 45 58
27 67 80
27 70 86
28 48 50
28 74 93
28 76 36
29 47 55
29 78 23
30 56 91
31 36 24
31 58 11
32 60 63
32 78 3
33 38 62
33 65 42
34 35 31
34 46 78
34 54 55
35 45 58
35 46 38
35 69 66
35 73 53
36 38 80
36 41 6
36 76 74
37 44 70
37 52 82
38 74 85
39 60 22
41 43 93
41 54 22
41 58 15
41 66 69
44 57 90
44 58 51
45 75 3
47 51 80
49 51 59
49 66 83
50 53 20
50 54 71
51 59 53
53 76 81
54 55 76
55 63 27
55 67 100
56 73 27
56 77 1
58 75 88
59 65 13
59 70 16
59 73 96
60 75 100
64 76 49
67 71 17
70 75 53
