0 4 71
0 5 4
0 14 23
0 34 63
0 39 91
0 44 80
0 47 1
0 84 97
0 86 22
0 94 60
0 98 21
0 106 72
0 120 39
0 126 26
0 163 5
0 171 21
0 207 87
0 232 39
0 233 38
0 260 61
0 262 80
0 273 17
0 280 57
0 286 43
1 3 18
1 8 28
1 26 40
1 42 5
1 59 3
1 78 43
1 82 23
1 111 90
1 132 34
1 147 35
1 149 33
1 168 15
1 177 62
1 211 88
1 214 5
1 225 86
1 244 36
1 259 21
1 261 76
1 270 92
1 283 88
1 288 15
1 294 91
2 13 18
2 14 93
2 28 53
2 35 57
2 37 47
2 40 50
2 45 74
2 49 30
2 56 79
2 74 68
2 77 97
2 83 12
2 90 42
2 109 94
2 110 52
2 116 2
2 127 40
2 128 84
2 140 84
2 142 78
2 159 11
2 181 33
2 187 86
2 198 69
2 218 71
2 232 65
2 235 3
2 264 21
2 265 9
2 270 97
2 276 46
2 282 84
2 286 6
2 298 96
3 21 29
3 48 58
3 56 72
3 57 25
3 69 76
3 89 5
3 91 4
3 105 84
3 106 42
3 108 70
3 114 89
3 119 67
3 121 28
3 125 86
3 136 95
3 160 84
3 188 31
3 223 18
3 235 90
3 236 44
3 244 7
3 255 83
3 257 34
3 266 99
3 269 5
3 273 64
3 278 100
3 289 39
4 9 10
4 10 16
4 26 51
4 27 53
4 44 46
4 48 25
4 51 37
4 61 100
4 68 4
4 69 52
4 79 13
4 91 45
4 102 18
4 124 89
4 125 19
4 126 62
4 142 89
4 153 70
4 184 88
4 188 49
4 190 96
4 195 4
4 203 24
4 212 70
4 219 21
4 221 30
4 225 77
4 230 16
4 233 1
4 239 37
4 240 19
4 254 88
4 272 76
4 275 7
4 276 58
5 23 59
5 45 54
5 52 87
5 64 48
5 71 24
5 74 12
5 83 20
5 114 32
5 124 40
5 153 41
5 154 77
5 161 49
5 166 13
5 187 53
5 204 85
5 205 2
5 221 10
5 224 37
5 248 91
5 252 29
5 264 86
5 268 20
5 274 54
5 290 26
6 7 32
6 27 56
6 35 12
6 44 19
6 59 38
6 64 75
6 72 10
6 82 53
6 87 33
6 92 88
6 103 21
6 109 14
6 116 93
6 120 42
6 133 13
6 135 76
6 142 38
6 158 3
6 160 52
6 161 30
6 169 23
6 174 61
6 194 4
6 216 8
6 227 12
6 233 22
6 244 78
6 247 40
6 249 73
6 250 51
6 254 65
6 255 38
6 266 13
6 287 66
6 291 75
7 17 26
7 24 99
7 26 20
7 27 7
7 29 16
7 33 56
7 34 91
7 40 52
7 45 84
7 60 10
7 63 88
7 65 32
7 69 28
7 86 19
7 88 5
7 97 21
7 98 33
7 100 3
7 108 48
7 109 99
7 129 15
7 136 34
7 152 40
7 158 5
7 175 67
7 182 14
7 184 76
7 190 17
7 196 2
7 198 78
7 201 5
7 207 19
7 209 79
7 212 74
7 215 63
7 218 81
7 225 68
7 230 7
7 238 65
7 246 24
7 270 88
7 272 84
7 275 59
7 278 30
7 280 79
7 282 86
7 289 28
7 297 100
8 23 42
8 29 41
8 77 24
8 80 29
8 119 34
8 126 78
8 128 39
8 143 98
8 159 49
8 164 79
8 165 19
8 167 59
8 172 25
8 182 32
8 192 5
8 227 15
8 230 15
8 258 17
8 263 51
8 272 39
8 296 59
9 11 88
9 22 42
9 25 86
9 37 97
9 48 19
9 56 51
9 63 54
9 67 10
9 70 4
9 82 64
9 85 27
9 108 46
9 114 54
9 135 96
9 146 82
9 148 94
9 168 24
9 176 21
9 185 1
9 197 87
9 212 39
9 225 78
9 236 88
9 260 35
9 264 80
9 282 15
9 289 10
10 12 44
10 16 88
10 24 43
10 31 4
10 62 86
10 69 25
10 74 37
10 86 51
10 117 56
10 125 8
10 160 8
10 167 50
10 193 46
10 197 31
10 209 78
10 215 70
10 220 13
10 226 93
10 229 15
10 237 71
10 241 52
10 243 9
10 245 96
10 281 94
10 283 61
10 289 66
10 296 2
11 20 34
11 21 18
11 32 23
11 48 53
11 55 62
11 61 72
11 63 20
11 73 3
11 101 80
11 108 45
11 109 38
11 113 98
11 123 88
11 131 75
11 132 76
11 159 53
11 169 54
11 185 2
11 199 32
11 205 10
11 217 17
11 227 22
11 240 45
11 245 67
11 258 90
11 271 71
12 16 52
12 29 10
12 50 91
12 58 75
12 59 86
12 75 58
12 76 30
12 77 43
12 99 66
12 120 51
12 130 61
12 137 17
12 150 14
12 168 83
12 170 57
12 172 22
12 185 69
12 192 46
12 194 49
12 213 18
12 232 39
12 241 7
12 256 86
12 292 93
13 26 14
13 43 54
13 44 72
13 48 16
13 49 18
13 53 16
13 54 62
13 64 24
13 65 98
13 88 55
13 92 99
13 104 55
13 135 44
13 157 7
13 159 78
13 163 73
13 173 46
13 191 47
13 208 48
13 219 10
13 225 41
13 235 92
13 237 67
13 246 7
13 258 88
13 267 52
13 268 53
13 274 10
13 282 41
13 284 60
13 287 71
13 293 86
14 30 90
14 51 12
14 57 4
14 74 77
14 87 33
14 93 37
14 105 89
14 107 27
14 108 30
14 114 95
14 117 7
14 131 64
14 132 1
14 138 23
14 139 60
14 140 86
14 147 38
14 151 82
14 178 96
14 181 87
14 196 17
14 200 49
14 202 46
14 207 34
14 223 47
14 229 74
14 234 37
14 269 69
14 271 4
14 292 74
14 298 22
15 19 9
15 23 19
15 27 88
15 34 61
15 65 94
15 66 96
15 70 19
15 78 98
15 79 24
15 99 20
15 111 59
15 121 89
15 137 45
15 138 26
15 150 11
15 151 5
15 159 43
15 162 54
15 180 79
15 182 26
15 193 57
15 196 13
15 201 30
15 211 48
15 226 100
15 230 22
15 235 90
15 236 10
15 237 20
15 243 14
15 260 12
15 264 84
15 275 30
15 278 24
15 285 55
15 287 92
16 25 61
16 37 50
16 46 79
16 51 73
16 57 72
16 59 87
16 92 27
16 126 55
16 132 89
16 135 42
16 136 1
16 148 80
16 155 12
16 158 81
16 160 44
16 162 42
16 177 3
16 184 42
16 202 2
16 204 20
16 211 27
16 216 44
16 220 18
16 254 58
16 257 76
16 260 35
16 272 25
16 278 64
16 283 15
16 287 95
16 293 76
16 296 76
17 20 50
17 40 61
17 47 52
17 51 70
17 53 25
17 62 20
17 68 61
17 90 95
17 95 17
17 96 87
17 104 72
17 110 20
17 115 42
17 120 43
17 126 74
17 131 38
17 149 74
17 161 4
17 189 65
17 191 6
17 216 53
17 220 41
17 229 1
17 240 87
17 245 32
17 249 79
17 252 51
17 256 40
17 290 53
18 23 10
18 30 43
18 38 65
18 40 1
18 42 29
18 55 78
18 73 80
18 86 65
18 87 76
18 102 68
18 109 29
18 129 30
18 142 54
18 148 86
18 152 25
18 155 15
18 179 13
18 189 74
18 206 77
18 207 10
18 221 99
18 228 57
18 233 81
18 236 67
18 237 79
18 242 72
18 256 78
18 258 4
18 263 95
18 267 70
18 269 71
18 270 93
18 273 50
18 287 51
18 298 82
18 299 24
19 32 6
19 43 68
19 51 19
19 70 58
19 74 53
19 81 49
19 84 51
19 94 78
19 96 80
19 108 10
19 117 34
19 125 73
19 126 64
19 132 94
19 133 68
19 157 16
19 164 55
19 183 82
19 189 39
19 193 42
19 195 62
19 199 41
19 213 9
19 216 43
19 222 7
19 224 22
19 236 98
19 241 38
19 257 57
19 260 15
19 267 84
19 274 30
19 285 56
19 291 94
19 299 100
20 25 41
20 26 10
20 65 94
20 67 78
20 68 7
20 71 65
20 74 16
20 93 35
20 94 16
20 96 77
20 131 36
20 138 19
20 152 36
20 161 57
20 172 58
20 206 22
20 211 44
20 218 7
20 222 95
20 223 69
20 225 80
20 226 100
20 230 71
20 236 63
20 242 7
20 247 98
20 257 82
20 258 80
20 262 72
20 263 49
20 279 15
20 280 54
20 281 58
20 286 12
21 41 55
21 50 22
21 60 100
21 64 61
21 69 96
21 104 81
21 110 22
21 118 66
21 125 82
21 135 4
21 157 79
21 159 79
21 164 27
21 182 94
21 184 78
21 206 91
21 225 15
21 230 97
21 237 39
21 257 32
21 282 32
21 296 30
22 29 19
22 38 52
22 50 62
22 53 24
22 90 72
22 91 15
22 106 14
22 117 24
22 122 37
22 123 92
22 127 75
22 128 14
22 156 85
22 165 54
22 175 11
22 180 43
22 189 96
22 191 19
22 205 57
22 208 45
22 217 61
22 233 69
22 238 56
22 240 25
22 246 12
22 248 10
22 255 72
22 260 65
22 262 1
22 272 35
22 295 76
23 28 62
23 36 73
23 44 32
23 52 50
23 64 14
23 66 27
23 67 81
23 70 39
23 81 45
23 96 7
23 102 32
23 104 69
23 105 5
23 124 48
23 128 25
23 131 33
23 132 98
23 151 68
23 153 13
23 155 49
23 188 57
23 191 81
23 193 32
23 207 36
23 208 19
23 219 57
23 231 86
23 236 67
23 279 92
23 286 74
23 287 86
24 37 90
24 57 23
24 58 37
24 72 100
24 83 78
24 87 27
24 118 72
24 120 20
24 127 62
24 129 10
24 147 66
24 149 66
24 150 40
24 155 89
24 177 92
24 192 97
24 216 32
24 218 14
24 221 45
24 233 84
24 236 13
24 249 57
24 250 42
24 251 8
24 254 98
24 258 38
25 30 6
25 44 70
25 46 37
25 49 78
25 65 14
25 80 30
25 81 44
25 85 44
25 88 75
25 97 14
25 116 41
25 117 35
25 122 62
25 145 48
25 147 22
25 156 22
25 158 84
25 173 61
25 180 56
25 186 40
25 190 5
25 203 77
25 209 38
25 213 19
25 223 98
25 254 42
25 264 20
25 269 93
25 282 46
25 287 1
26 32 86
26 40 77
26 47 87
26 57 28
26 60 47
26 63 3
26 69 36
26 89 8
26 118 10
26 119 7
26 122 55
26 129 4
26 143 20
26 146 21
26 162 33
26 166 55
26 171 39
26 189 93
26 196 99
26 198 83
26 201 50
26 223 55
26 224 6
26 229 39
26 240 42
26 253 72
26 257 98
26 260 55
26 263 6
26 266 84
26 268 23
26 274 32
26 289 5
26 295 60
27 33 24
27 43 24
27 46 67
27 54 83
27 63 81
27 72 82
27 82 57
27 108 36
27 121 49
27 122 58
27 126 27
27 136 81
27 138 72
27 143 17
27 145 19
27 148 70
27 158 60
27 165 37
27 170 73
27 195 90
27 201 3
27 202 67
27 214 99
27 219 77
27 227 23
27 236 9
27 239 88
27 242 85
27 245 82
27 262 97
27 267 57
27 271 27
27 273 91
27 276 84
27 277 35
27 283 18
28 54 48
28 58 86
28 60 54
28 65 24
28 66 32
28 67 49
28 81 63
28 85 65
28 107 25
28 111 69
28 131 25
28 138 41
28 141 45
28 145 71
28 163 88
28 164 14
28 172 95
28 178 74
28 185 27
28 191 47
28 204 7
28 206 65
28 213 52
28 223 26
28 225 2
28 235 40
28 242 31
28 250 24
28 261 36
28 268 75
28 278 39
29 39 1
29 55 16
29 73 80
29 102 51
29 103 89
29 116 47
29 120 83
29 121 26
29 130 71
29 138 26
29 161 99
29 162 40
29 164 55
29 166 31
29 169 70
29 177 51
29 179 69
29 180 43
29 204 45
29 212 75
29 213 21
29 222 1
29 274 50
29 280 76
29 289 96
29 290 62
29 296 51
29 298 55
29 299 21
30 36 22
30 48 63
30 50 57
30 51 65
30 58 40
30 70 58
30 89 4
30 112 1
30 117 41
30 118 22
30 126 100
30 139 82
30 153 78
30 156 37
30 170 97
30 182 60
30 211 86
30 222 60
30 226 95
30 229 12
30 233 32
30 244 46
30 246 15
30 250 96
30 251 43
30 263 10
30 285 2
31 34 24
31 38 4
31 41 27
31 64 79
31 67 86
31 83 8
31 99 13
31 109 36
31 134 37
31 135 41
31 136 15
31 139 29
31 140 92
31 146 70
31 149 20
31 154 47
31 156 7
31 159 4
31 170 8
31 171 17
31 172 56
31 178 50
31 179 62
31 184 19
31 201 92
31 211 98
31 245 77
31 247 39
31 271 19
31 283 56
32 33 14
32 62 14
32 69 54
32 95 9
32 105 60
32 111 96
32 117 30
32 145 85
32 150 61
32 162 66
32 166 3
32 200 41
32 217 81
32 219 56
32 226 38
32 228 45
32 253 46
32 255 81
32 257 28
32 259 94
32 269 22
32 275 19
33 57 79
33 64 81
33 76 78
33 79 26
33 85 11
33 102 7
33 109 29
33 113 58
33 123 53
33 139 73
33 147 36
33 153 27
33 160 28
33 162 56
33 172 49
33 178 13
33 179 65
33 180 59
33 193 10
33 201 72
33 206 11
33 241 2
33 246 24
33 266 12
33 267 23
33 277 69
33 280 32
33 282 4
33 290 43
33 291 21
33 292 66
33 296 25
34 44 72
34 49 30
34 53 54
34 93 98
34 114 24
34 121 57
34 126 37
34 127 44
34 134 75
34 141 5
34 151 10
34 152 55
34 162 2
34 169 67
34 171 58
34 189 81
34 202 70
34 212 63
34 215 51
34 216 98
34 218 49
34 222 18
34 237 41
34 257 81
34 268 64
34 280 50
34 294 65
34 295 51
34 298 73
35 60 90
35 65 83
35 66 94
35 69 1
35 77 58
35 84 24
35 88 89
35 121 19
35 128 50
35 131 28
35 142 43
35 189 55
35 199 54
35 204 72
35 205 31
35 209 96
35 212 91
35 214 1
35 218 78
35 228 12
35 234 25
35 239 12
35 252 26
35 254 1
35 255 41
35 258 58
35 262 97
35 269 86
35 284 6
35 294 16
36 38 8
36 39 72
36 55 79
36 71 14
36 72 48
36 80 73
36 89 93
36 92 72
36 105 54
36 115 67
36 117 97
36 126 41
36 137 82
36 150 4
36 165 6
36 174 59
36 196 1
36 197 25
36 213 91
36 220 85
36 231 74
36 241 58
36 255 67
36 262 54
36 268 39
36 270 7
36 282 22
37 41 20
37 50 56
37 62 93
37 67 100
37 81 1
37 94 72
37 97 43
37 104 53
37 106 6
37 128 79
37 133 92
37 143 71
37 147 85
37 153 58
37 154 23
37 161 77
37 167 41
37 183 14
37 188 63
37 191 84
37 201 15
37 203 85
37 210 81
37 211 49
37 212 22
37 218 49
37 229 17
37 250 71
37 253 97
37 254 38
37 260 74
37 263 41
37 264 62
37 270 69
37 299 1
38 40 44
38 53 63
38 64 68
38 65 44
38 72 100
38 75 99
38 79 49
38 84 50
38 87 83
38 89 50
38 93 12
38 94 26
38 95 26
38 105 49
38 127 74
38 147 16
38 156 53
38 166 18
38 169 97
38 189 28
38 193 1
38 199 73
38 210 84
38 212 95
38 222 57
38 233 19
38 239 88
38 248 9
38 258 20
38 261 11
38 276 95
38 277 58
38 280 82
39 45 94
39 49 56
39 61 52
39 66 16
39 72 98
39 83 87
39 87 10
39 92 5
39 96 7
39 99 88
39 104 80
39 130 78
39 143 64
39 145 1
39 156 87
39 168 73
39 173 92
39 185 91
39 207 52
39 241 52
39 251 9
39 271 21
40 63 13
40 77 54
40 102 43
40 129 53
40 141 53
40 149 27
40 168 39
40 186 8
40 191 100
40 198 100
40 199 86
40 211 93
40 213 45
40 217 31
40 225 92
40 236 7
40 238 48
40 240 75
40 241 51
40 253 53
40 272 14
40 281 27
40 289 100
40 293 36
41 42 80
41 44 89
41 58 1
41 65 80
41 77 89
41 86 89
41 89 85
41 99 14
41 108 1
41 129 75
41 133 12
41 140 19
41 144 1
41 152 8
41 172 69
41 177 29
41 179 70
41 188 24
41 189 77
41 225 42
41 233 38
41 249 32
41 259 20
41 262 35
41 270 54
41 295 90
42 44 22
42 49 66
42 65 97
42 69 7
42 76 13
42 81 64
42 87 36
42 89 54
42 97 35
42 109 29
42 112 56
42 119 56
42 133 65
42 134 22
42 152 55
42 174 91
42 177 12
42 185 65
42 187 42
42 193 92
42 202 30
42 215 22
42 222 28
42 226 54
42 244 72
42 267 8
42 279 53
42 291 69
42 293 69
42 298 67
43 45 35
43 46 53
43 48 87
43 53 93
43 67 9
43 77 53
43 86 12
43 94 18
43 95 31
43 102 89
43 106 51
43 107 9
43 130 38
43 134 29
43 147 74
43 159 40
43 166 97
43 168 87
43 171 15
43 175 76
43 188 27
43 190 1
43 205 17
43 212 89
43 214 4
43 238 70
43 262 42
43 264 81
43 272 61
43 273 73
43 277 89
43 294 30
43 295 51
43 296 86
44 67 50
44 91 93
44 109 39
44 110 2
44 125 90
44 135 63
44 140 8
44 152 8
44 156 80
44 160 83
44 162 59
44 176 2
44 180 33
44 191 76
44 212 17
44 216 37
44 229 4
44 230 60
44 235 9
44 246 41
44 251 88
44 263 82
44 281 43
44 285 20
44 291 85
44 292 100
44 298 92
45 56 47
45 77 39
45 79 54
45 94 4
45 119 70
45 123 91
45 148 49
45 199 61
45 206 1
45 217 40
45 218 52
45 230 83
45 240 48
45 261 59
45 276 5
45 287 100
45 288 68
46 63 12
46 71 56
46 105 7
46 114 71
46 154 35
46 169 18
46 173 26
46 176 20
46 178 26
46 206 45
46 219 54
46 225 84
46 232 28
46 247 70
46 250 58
46 257 54
46 258 94
46 276 93
46 279 60
46 297 24
46 299 95
47 60 1
47 64 56
47 73 68
47 76 64
47 86 98
47 92 1
47 97 41
47 101 22
47 106 61
47 129 73
47 135 51
47 148 34
47 166 68
47 168 58
47 184 66
47 191 79
47 197 34
47 202 59
47 211 67
47 212 23
47 228 21
47 236 7
47 237 30
47 249 11
47 253 1
47 276 40
47 293 24
48 51 42
48 78 26
48 90 75
48 92 69
48 94 13
48 100 54
48 108 40
48 126 24
48 130 57
48 142 19
48 144 37
48 148 44
48 162 28
48 164 40
48 167 17
48 169 29
48 173 99
48 179 85
48 185 82
48 188 89
48 202 84
48 203 51
48 205 81
48 207 55
48 210 41
48 228 44
48 237 78
48 247 42
48 261 94
48 272 43
48 298 10
49 65 46
49 72 65
49 76 72
49 78 74
49 87 25
49 98 11
49 104 62
49 107 34
49 117 53
49 120 69
49 123 84
49 127 2
49 153 90
49 181 92
49 185 87
49 191 43
49 195 17
49 206 24
49 219 40
49 241 45
49 246 92
49 256 70
49 262 16
49 266 34
49 282 99
49 285 23
49 293 68
50 74 9
50 75 58
50 78 2
50 80 81
50 96 23
50 104 37
50 106 76
50 128 17
50 152 91
50 154 97
50 163 57
50 178 14
50 182 97
50 185 8
50 189 84
50 207 80
50 212 25
50 223 27
50 225 2
50 226 46
50 241 65
50 255 87
50 259 70
50 262 30
50 265 100
50 268 72
50 279 47
50 282 63
50 295 44
50 296 74
51 57 81
51 80 62
51 113 56
51 118 98
51 120 67
51 145 94
51 160 51
51 168 69
51 174 47
51 188 82
51 203 96
51 204 80
51 211 23
51 212 17
51 215 29
51 216 18
51 217 67
51 224 26
51 228 3
51 234 35
51 238 9
51 268 25
51 292 58
52 56 1
52 57 31
52 86 70
52 95 71
52 98 100
52 111 29
52 137 41
52 142 83
52 152 29
52 185 79
52 205 59
52 229 54
52 234 26
52 243 64
52 288 87
53 55 43
53 75 85
53 112 49
53 126 59
53 131 81
53 137 99
53 143 64
53 151 25
53 166 3
53 182 77
53 188 62
53 196 98
53 208 16
53 213 83
53 215 37
53 217 34
53 254 92
53 259 34
53 260 58
53 264 15
53 265 16
54 55 71
54 59 57
54 88 23
54 91 54
54 105 2
54 117 9
54 121 85
54 129 89
54 154 87
54 172 100
54 181 19
54 191 9
54 204 66
54 215 24
54 228 49
54 233 3
54 242 37
54 248 58
54 254 56
54 255 60
54 270 93
54 273 33
54 289 19
54 298 29
55 61 24
55 62 27
55 71 79
55 81 66
55 84 41
55 88 16
55 89 15
55 131 55
55 140 44
55 162 39
55 201 53
55 202 47
55 216 42
55 230 77
55 231 46
55 240 56
55 245 67
55 251 15
55 256 73
55 258 23
55 261 87
55 268 24
55 270 17
55 274 17
55 285 70
55 286 87
55 291 78
55 292 45
55 298 7
56 59 60
56 73 30
56 83 72
56 96 22
56 101 100
56 136 79
56 139 28
56 141 58
56 144 64
56 147 46
56 162 26
56 178 37
56 179 78
56 180 54
56 188 66
56 205 15
56 206 98
56 209 45
56 219 68
56 221 64
56 232 47
56 246 75
56 248 2
56 272 48
57 87 84
57 88 56
57 89 77
57 92 47
57 103 25
57 118 54
57 121 79
57 125 63
57 128 18
57 132 75
57 139 33
57 162 92
57 171 80
57 182 16
57 186 13
57 204 76
57 208 21
57 235 87
57 237 39
57 258 86
57 264 6
57 294 32
58 63 76
58 95 62
58 96 68
58 101 70
58 103 61
58 107 97
58 115 82
58 129 57
58 130 99
58 138 51
58 145 73
58 146 65
58 163 86
58 166 83
58 190 46
58 206 100
58 216 10
58 227 90
58 233 17
58 249 11
58 272 52
58 275 6
58 278 63
58 279 54
58 281 69
58 282 78
58 283 7
58 291 19
58 292 88
58 298 9
59 60 99
59 62 80
59 64 88
59 65 50
59 70 95
59 75 78
59 103 33
59 106 1
59 116 14
59 117 48
59 124 57
59 127 7
59 133 79
59 134 17
59 149 72
59 157 15
59 176 2
59 179 92
59 196 32
59 207 63
59 212 32
59 213 72
59 222 2
59 225 62
59 236 40
59 254 47
59 260 76
59 273 33
59 279 4
59 286 17
60 62 43
60 73 7
60 78 50
60 93 10
60 94 3
60 101 84
60 102 29
60 112 85
60 127 83
60 137 64
60 140 57
60 148 27
60 175 15
60 196 62
60 198 21
60 206 93
60 212 53
60 215 25
60 222 44
60 229 86
60 237 2
60 242 66
60 243 26
60 250 40
60 251 61
60 266 2
60 274 25
60 280 6
61 63 67
61 69 68
61 70 66
61 91 47
61 103 86
61 108 96
61 125 81
61 136 75
61 163 4
61 173 9
61 193 99
61 197 53
61 207 48
61 208 92
61 221 28
61 230 96
61 233 6
61 258 15
61 269 22
61 282 72
61 287 90
61 290 72
61 291 43
61 298 45
62 63 86
62 74 27
62 78 97
62 91 41
62 117 3
62 125 45
62 136 92
62 147 34
62 153 72
62 158 93
62 168 56
62 175 26
62 183 90
62 189 17
62 190 88
62 191 76
62 205 30
62 242 5
62 278 66
62 289 70
63 70 25
63 93 18
63 95 75
63 107 24
63 109 99
63 120 1
63 123 89
63 126 60
63 140 40
63 146 43
63 153 17
63 159 25
63 160 53
63 168 82
63 185 41
63 214 16
63 236 17
63 238 20
63 252 22
63 255 68
63 257 61
63 265 69
63 267 24
63 268 69
63 269 81
63 295 13
64 71 24
64 100 2
64 114 64
64 118 36
64 123 55
64 128 11
64 130 49
64 137 93
64 148 78
64 154 36
64 168 44
64 183 94
64 184 95
64 195 17
64 203 29
64 206 69
64 209 85
64 219 89
64 260 76
64 264 100
64 267 62
64 271 4
64 290 49
65 75 54
65 91 93
65 108 68
65 110 6
65 111 84
65 119 82
65 122 35
65 130 83
65 133 81
65 139 50
65 147 23
65 156 21
65 174 59
65 188 35
65 206 20
65 216 68
65 219 89
65 231 77
65 237 27
65 248 73
65 253 81
65 286 9
65 290 72
65 291 43
65 299 80
66 101 61
66 102 62
66 106 51
66 108 73
66 111 46
66 162 36
66 178 70
66 184 3
66 194 49
66 207 100
66 208 66
66 232 34
66 250 21
66 278 46
66 282 73
66 294 3
67 72 87
67 75 75
67 76 13
67 85 57
67 86 2
67 97 18
67 98 50
67 122 76
67 123 23
67 132 2
67 141 69
67 145 16
67 164 51
67 179 40
67 203 93
67 251 6
67 258 47
67 266 5
67 267 99
67 291 29
67 295 6
68 70 82
68 73 76
68 78 21
68 101 12
68 114 94
68 116 24
68 120 84
68 124 5
68 141 69
68 149 82
68 151 42
68 166 38
68 175 38
68 178 78
68 181 43
68 183 20
68 203 28
68 209 64
68 213 8
68 229 84
68 231 1
68 232 34
68 244 42
68 246 26
68 251 54
68 264 52
68 265 49
68 266 27
68 271 47
68 278 81
69 78 63
69 80 87
69 86 71
69 98 80
69 117 40
69 118 28
69 125 30
69 138 56
69 174 34
69 184 72
69 197 11
69 201 76
69 208 44
69 212 53
69 214 47
69 217 31
69 219 72
69 245 33
69 268 61
69 269 99
69 270 44
69 279 19
69 295 74
70 89 8
70 101 78
70 114 54
70 118 12
70 119 100
70 145 71
70 147 81
70 152 56
70 153 62
70 161 70
70 203 35
70 215 28
70 238 84
70 243 83
70 290 45
70 291 68
70 294 88
71 79 82
71 104 71
71 132 7
71 134 10
71 157 31
71 159 21
71 169 81
71 170 62
71 177 29
71 180 76
71 185 68
71 194 74
71 207 81
71 208 64
71 230 67
71 237 10
71 239 72
71 241 8
71 253 60
71 261 23
71 262 38
71 268 53
71 269 29
71 286 37
72 76 59
72 91 49
72 97 33
72 102 23
72 111 95
72 126 55
72 134 97
72 161 33
72 164 27
72 183 77
72 185 71
72 189 15
72 213 67
72 222 100
72 223 78
72 224 30
72 225 85
72 248 64
72 249 59
72 260 71
72 272 43
72 276 2
72 278 61
72 284 60
72 289 65
73 79 53
73 90 22
73 92 10
73 96 56
73 101 1
73 106 72
73 113 33
73 118 71
73 120 79
73 124 83
73 135 29
73 137 42
73 157 67
73 162 74
73 180 22
73 187 39
73 197 99
73 206 52
73 214 30
73 222 38
73 223 64
73 232 92
73 237 47
73 238 68
73 241 37
73 246 24
73 249 6
73 255 15
73 265 62
73 269 5
73 277 94
73 282 31
73 291 56
73 292 39
73 297 78
74 76 32
74 97 16
74 100 63
74 101 43
74 123 2
74 127 79
74 130 76
74 144 73
74 145 70
74 153 1
74 155 47
74 158 80
74 183 96
74 191 66
74 192 37
74 200 90
74 211 81
74 268 23
74 269 14
74 270 98
74 271 37
74 278 22
74 285 54
74 289 58
74 298 87
74 299 45
75 88 76
75 89 52
75 97 47
75 113 80
75 118 23
75 121 31
75 127 25
75 128 19
75 145 42
75 147 36
75 169 63
75 174 88
75 183 67
75 200 80
75 207 10
75 235 44
75 258 72
75 261 18
75 267 38
75 270 39
75 272 72
75 295 68
76 80 48
76 90 95
76 93 68
76 98 2
76 113 71
76 127 5
76 133 64
76 153 55
76 169 24
76 174 28
76 177 88
76 182 22
76 192 17
76 193 45
76 195 95
76 197 52
76 198 99
76 203 50
76 214 90
76 220 67
76 235 92
76 248 98
76 254 82
76 270 39
76 276 57
76 289 24
77 79 93
77 81 32
77 92 52
77 104 6
77 125 39
77 130 21
77 139 53
77 144 21
77 145 73
77 152 95
77 155 26
77 159 36
77 161 65
77 168 64
77 172 60
77 178 60
77 181 11
77 182 26
77 186 100
77 200 50
77 204 55
77 218 12
77 230 47
77 231 29
77 236 11
77 240 12
77 242 43
77 249 84
77 256 64
77 280 11
77 292 65
77 293 84
78 86 23
78 89 43
78 122 62
78 136 30
78 152 82
78 161 62
78 180 96
78 213 33
78 215 47
78 217 64
78 267 32
78 280 71
78 288 58
78 299 19
79 83 28
79 93 67
79 98 11
79 119 48
79 120 1
79 145 40
79 147 78
79 155 92
79 164 37
79 165 19
79 174 18
79 187 4
79 192 57
79 234 89
79 240 9
79 258 79
79 269 97
80 87 39
80 93 46
80 97 28
80 116 73
80 121 82
80 122 52
80 138 80
80 145 59
80 164 22
80 165 16
80 172 43
80 188 13
80 191 48
80 199 49
80 207 1
80 257 93
80 266 69
80 267 53
80 286 8
81 90 60
81 93 54
81 101 79
81 104 36
81 117 19
81 120 28
81 133 95
81 135 21
81 143 34
81 145 91
81 147 20
81 158 21
81 162 65
81 177 34
81 180 89
81 189 28
81 194 85
81 199 13
81 203 64
81 208 95
81 227 63
81 231 39
81 234 31
81 240 61
81 243 53
81 256 52
81 277 46
81 284 9
81 286 40
81 294 27
82 114 35
82 126 59
82 128 32
82 134 82
82 138 96
82 150 53
82 162 58
82 173 58
82 180 50
82 197 38
82 198 45
82 218 82
82 225 73
82 268 77
82 274 37
82 279 51
82 299 91
83 84 87
83 85 58
83 90 95
83 101 31
83 107 8
83 121 77
83 130 67
83 142 66
83 160 20
83 161 2
83 174 66
83 193 39
83 198 46
83 211 40
83 215 70
83 226 58
83 237 41
83 248 33
83 254 41
83 259 32
83 264 77
83 280 83
83 285 19
84 92 69
84 96 20
84 111 33
84 117 55
84 119 4
84 124 86
84 125 66
84 149 42
84 213 2
84 225 52
84 228 31
84 234 73
84 237 77
84 241 51
84 244 60
84 248 45
84 264 1
84 281 68
84 294 3
84 298 2
85 101 71
85 114 48
85 117 17
85 128 38
85 132 74
85 137 82
85 165 29
85 185 60
85 187 19
85 196 3
85 197 18
85 207 47
85 211 35
85 216 85
85 225 78
85 231 65
85 232 80
85 234 61
85 238 13
85 243 70
85 244 81
85 276 93
85 277 55
85 286 64
85 297 57
85 299 5
86 90 1
86 125 12
86 126 77
86 133 71
86 136 28
86 149 47
86 151 99
86 155 32
86 170 66
86 173 89
86 186 8
86 191 1
86 196 1
86 203 68
86 209 57
86 216 4
86 220 100
86 226 48
86 227 79
86 293 88
87 92 49
87 93 11
87 130 80
87 136 13
87 137 86
87 166 55
87 176 25
87 184 52
87 191 24
87 207 54
87 215 63
87 218 23
87 230 42
87 251 82
87 252 3
87 253 33
87 263 2
87 268 14
87 282 33
87 289 19
87 291 11
87 294 27
88 99 45
88 109 15
88 120 79
88 123 30
88 136 41
88 152 93
88 155 60
88 158 46
88 186 78
88 188 66
88 191 13
88 206 54
88 213 8
88 215 54
88 223 79
88 231 62
88 238 94
88 256 82
88 271 86
88 276 83
89 99 21
89 103 89
89 106 40
89 107 97
89 125 18
89 129 55
89 130 18
89 132 29
89 136 82
89 137 94
89 141 97
89 142 24
89 154 4
89 160 3
89 167 29
89 170 25
89 190 6
89 205 97
89 208 42
89 219 84
89 242 91
89 249 77
89 259 9
89 260 71
89 280 11
89 282 97
89 292 43
90 134 49
90 137 38
90 142 97
90 152 39
90 172 51
90 197 70
90 205 91
90 226 88
90 241 63
90 255 95
90 269 99
90 270 36
90 273 47
90 280 2
90 285 64
90 288 24
90 297 60
91 94 66
91 111 24
91 124 98
91 159 98
91 164 66
91 166 43
91 168 24
91 175 53
91 177 18
91 188 35
91 208 93
91 221 1
91 227 83
91 241 11
91 246 96
91 265 7
91 288 59
91 292 60
91 295 11
91 298 30
92 96 7
92 98 67
92 114 68
92 153 46
92 160 21
92 165 40
92 189 1
92 194 60
92 209 7
92 211 24
92 217 57
92 218 33
92 230 47
92 232 61
92 236 66
92 249 45
92 253 97
92 263 40
92 276 49
92 291 26
92 295 19
93 97 98
93 101 60
93 121 28
93 124 98
93 137 39
93 138 97
93 153 7
93 165 3
93 181 88
93 185 100
93 189 13
93 195 44
93 207 15
93 214 96
93 223 18
93 224 77
93 225 94
93 232 17
93 237 66
93 246 50
93 249 29
93 252 93
93 259 2
93 276 7
93 295 86
94 117 31
94 131 91
94 144 17
94 150 39
94 157 39
94 170 2
94 185 35
94 196 13
94 198 5
94 225 4
94 228 26
94 230 52
94 234 12
94 243 30
94 244 51
94 255 64
94 262 21
94 265 5
94 266 44
94 270 75
94 279 31
94 282 65
94 290 95
95 99 46
95 106 50
95 107 50
95 110 43
95 133 19
95 159 8
95 160 91
95 161 33
95 162 64
95 163 35
95 169 41
95 187 85
95 190 63
95 207 91
95 222 48
95 273 55
95 279 9
95 296 95
96 97 62
96 107 20
96 119 35
96 129 78
96 164 24
96 197 57
96 198 28
96 202 65
96 226 31
96 233 52
96 259 97
96 262 4
96 265 89
96 280 50
96 282 17
96 285 68
97 98 26
97 104 69
97 114 36
97 118 48
97 129 23
97 130 79
97 158 38
97 161 100
97 181 47
97 182 66
97 210 68
97 229 29
97 240 97
97 248 31
97 257 84
97 261 41
97 273 69
97 275 10
97 281 41
97 286 12
97 291 29
97 292 100
97 294 4
97 299 61
98 113 60
98 117 89
98 142 75
98 155 79
98 163 3
98 170 41
98 171 78
98 175 9
98 181 76
98 182 20
98 185 21
98 189 50
98 191 37
98 192 6
98 195 85
98 206 76
98 208 78
98 218 37
98 226 9
98 235 89
98 265 86
99 110 3
99 120 41
99 129 31
99 142 82
99 151 46
99 163 19
99 174 92
99 179 85
99 187 50
99 190 61
99 198 56
99 201 59
99 206 69
99 212 95
99 214 87
99 221 58
99 230 68
99 248 8
99 254 96
99 257 97
99 272 1
99 282 32
99 287 91
100 115 22
100 120 27
100 122 69
100 125 20
100 143 100
100 148 23
100 152 76
100 172 98
100 173 26
100 179 72
100 195 38
100 204 94
100 212 46
100 227 90
100 229 26
100 233 38
100 240 94
100 250 33
100 252 85
100 288 14
100 299 88
101 103 87
101 105 49
101 112 23
101 113 20
101 116 49
101 144 6
101 150 89
101 154 15
101 173 67
101 177 43
101 178 44
101 179 5
101 214 80
101 218 98
101 224 46
101 245 41
101 254 49
101 260 17
101 272 57
101 281 94
101 284 32
101 292 45
102 109 86
102 115 85
102 116 47
102 129 96
102 133 70
102 137 36
102 142 16
102 147 64
102 150 5
102 166 82
102 208 71
102 220 4
102 228 27
102 235 4
102 239 81
102 240 7
102 256 47
102 273 16
102 279 64
102 285 91
102 295 80
102 297 99
103 111 42
103 116 64
103 123 76
103 128 73
103 133 35
103 135 43
103 136 12
103 142 19
103 151 95
103 152 68
103 160 62
103 162 20
103 185 93
103 191 50
103 220 39
103 239 83
103 240 13
103 246 83
103 247 5
103 270 44
103 273 77
103 280 18
103 287 62
104 108 63
104 111 81
104 122 50
104 125 14
104 138 25
104 153 76
104 159 48
104 165 30
104 166 64
104 198 64
104 204 1
104 209 82
104 215 18
104 219 50
104 234 65
104 235 51
104 238 37
104 242 66
104 264 82
104 292 16
105 111 68
105 130 5
105 151 3
105 159 41
105 167 67
105 178 13
105 188 27
105 193 15
105 200 30
105 208 39
105 215 43
105 219 10
105 223 54
105 234 44
105 240 21
105 249 56
105 254 99
105 269 77
105 274 40
105 294 36
106 112 41
106 116 43
106 118 40
106 124 59
106 126 60
106 127 33
106 129 71
106 130 58
106 135 79
106 144 37
106 164 77
106 168 72
106 173 95
106 186 100
106 189 44
106 194 95
106 197 67
106 220 4
106 227 78
106 232 76
106 240 83
106 258 57
106 261 14
106 271 34
106 273 83
106 284 30
106 294 54
106 299 52
107 119 6
107 124 94
107 144 2
107 150 55
107 163 98
107 176 62
107 207 84
107 216 31
107 242 42
107 262 96
107 272 15
107 275 75
107 287 76
107 294 100
108 111 21
108 122 28
108 129 10
108 154 74
108 161 52
108 165 5
108 175 43
108 197 27
108 202 21
108 211 92
108 217 66
108 218 50
108 251 47
108 253 17
108 266 12
108 280 78
108 291 50
108 295 82
109 117 100
109 125 11
109 126 15
109 132 1
109 135 37
109 144 66
109 147 60
109 150 32
109 153 6
109 156 56
109 161 9
109 163 29
109 165 34
109 171 86
109 180 81
109 186 26
109 189 5
109 195 46
109 198 46
109 213 13
109 229 39
109 243 18
109 264 45
109 265 83
109 293 80
110 118 20
110 120 9
110 141 82
110 149 48
110 158 97
110 161 35
110 163 35
110 164 70
110 165 34
110 180 50
110 186 55
110 212 50
110 229 79
110 238 85
110 243 26
110 255 1
110 259 31
110 267 7
110 286 39
110 295 57
111 113 71
111 122 61
111 123 44
111 124 30
111 137 49
111 139 97
111 144 45
111 165 4
111 174 57
111 192 32
111 198 9
111 204 41
111 207 61
111 229 39
111 234 32
111 252 78
111 290 14
112 113 72
112 126 59
112 132 7
112 133 10
112 141 5
112 144 30
112 145 44
112 147 3
112 163 1
112 170 29
112 180 74
112 196 67
112 203 33
112 211 45
112 213 39
112 216 38
112 227 10
112 249 29
112 253 63
112 257 96
112 266 54
112 270 46
112 286 97
112 299 2
113 114 22
113 121 100
113 132 8
113 146 16
113 156 7
113 182 72
113 189 71
113 211 90
113 217 70
113 219 35
113 237 83
113 280 61
113 287 71
113 299 77
114 130 31
114 147 27
114 151 60
114 154 95
114 181 8
114 218 44
114 229 15
114 233 20
114 234 93
114 242 50
114 246 57
114 264 83
114 273 35
114 282 92
114 284 67
115 119 46
115 136 70
115 145 81
115 146 40
115 147 83
115 160 93
115 179 89
115 201 44
115 205 30
115 206 59
115 210 47
115 211 92
115 225 84
115 244 76
115 250 24
115 261 55
115 276 39
115 282 45
115 291 89
116 118 88
116 126 85
116 131 83
116 156 60
116 162 96
116 207 92
116 218 13
116 258 56
116 260 60
116 297 24
117 122 38
117 134 27
117 137 40
117 151 35
117 157 21
117 158 77
117 187 79
117 197 89
117 198 57
117 205 65
117 228 47
117 230 20
117 236 20
117 240 91
117 242 12
117 276 13
117 289 83
118 120 52
118 127 100
118 168 65
118 179 63
118 196 78
118 206 50
118 214 41
118 219 47
118 237 20
118 240 66
118 257 82
118 267 13
118 269 7
118 272 78
118 280 68
118 281 11
118 284 94
118 293 32
119 139 70
119 144 49
119 145 21
119 179 69
119 183 42
119 189 29
119 192 81
119 206 24
119 232 49
119 238 75
119 252 33
119 261 74
119 277 28
119 285 90
120 124 10
120 125 57
120 127 85
120 142 3
120 143 56
120 144 13
120 147 13
120 154 9
120 175 17
120 183 18
120 191 83
120 197 43
120 201 61
120 202 47
120 203 82
120 234 23
120 240 17
120 250 75
120 258 78
120 265 47
120 280 92
121 134 83
121 159 75
121 169 38
121 188 51
121 201 22
121 225 25
121 226 19
121 230 50
121 242 63
121 246 35
121 257 77
121 276 71
121 288 100
122 124 50
122 131 95
122 149 24
122 169 25
122 223 54
122 234 18
122 261 89
122 271 27
122 281 94
123 132 13
123 155 65
123 157 71
123 161 35
123 168 67
123 180 41
123 181 54
123 182 78
123 191 39
123 195 2
123 196 10
123 200 95
123 217 37
123 219 86
123 235 45
123 258 45
123 263 59
123 266 46
123 272 86
124 153 66
124 160 39
124 167 53
124 174 23
124 179 93
124 193 95
124 219 78
124 232 33
124 257 71
124 259 28
124 263 48
124 264 61
124 272 6
124 280 62
124 290 80
124 296 56
125 133 76
125 136 77
125 150 79
125 160 61
125 172 84
125 181 51
125 198 43
125 220 62
125 228 93
125 230 37
125 251 21
125 265 11
125 280 73
125 282 12
125 292 25
125 295 78
126 139 57
126 152 70
126 154 82
126 155 39
126 157 24
126 164 61
126 177 54
126 178 70
126 180 4
126 199 13
126 205 39
126 220 95
126 227 79
126 228 10
126 237 68
126 241 43
126 248 44
126 255 18
126 266 62
126 276 37
126 277 38
126 293 29
126 297 99
127 133 51
127 161 98
127 176 32
127 179 26
127 200 96
127 222 19
127 224 54
127 242 31
127 254 99
127 259 35
127 264 80
127 271 17
127 276 97
127 279 91
127 280 72
127 286 6
127 293 62
128 137 42
128 160 83
128 163 32
128 180 38
128 206 60
128 209 22
128 210 48
128 211 41
128 214 13
128 215 2
128 240 39
128 247 25
128 252 59
128 265 83
128 278 82
128 280 37
128 288 89
129 143 61
129 144 58
129 151 41
129 154 65
129 166 33
129 169 84
129 176 92
129 212 80
129 215 41
129 223 1
129 231 51
129 235 57
129 245 22
129 256 84
129 265 53
129 295 88
129 296 29
130 139 23
130 148 61
130 168 1
130 172 60
130 189 86
130 192 54
130 199 57
130 217 64
130 218 78
130 225 73
130 231 60
130 238 87
130 244 93
130 250 4
130 253 93
130 272 22
130 274 15
130 280 100
131 140 68
131 144 41
131 148 51
131 152 46
131 157 57
131 176 4
131 186 100
131 200 22
131 205 34
131 219 2
131 220 45
131 223 25
131 228 26
131 236 99
131 252 38
131 258 90
131 266 34
131 271 16
131 277 26
131 287 9
132 134 98
132 146 61
132 147 70
132 149 59
132 153 33
132 154 4
132 156 87
132 169 13
132 232 93
132 254 42
132 271 89
132 279 48
133 138 43
133 145 16
133 148 100
133 151 62
133 206 4
133 212 70
133 240 44
133 249 1
133 295 16
133 297 86
134 139 25
134 144 91
134 199 79
134 231 20
134 236 95
134 242 43
134 269 35
134 277 92
134 286 6
135 166 27
135 168 63
135 214 56
135 228 95
135 233 54
135 235 97
135 244 33
135 269 57
135 273 9
135 287 88
135 290 58
136 138 26
136 140 45
136 149 29
136 151 17
136 164 36
136 168 56
136 189 23
136 206 76
136 207 38
136 237 70
136 239 90
136 241 89
136 243 20
136 251 68
136 256 10
136 268 46
136 275 4
136 281 95
136 286 71
136 298 11
137 143 59
137 146 80
137 151 94
137 175 98
137 179 25
137 187 99
137 193 68
137 215 78
137 217 11
137 227 4
137 234 70
137 244 90
137 287 21
138 146 87
138 161 34
138 168 23
138 172 49
138 202 40
138 204 84
138 211 99
138 220 18
138 225 54
138 227 79
138 234 50
138 258 88
138 263 60
138 268 44
138 289 48
138 297 91
139 188 2
139 189 95
139 225 24
139 235 19
139 247 6
139 253 38
139 262 68
139 293 49
140 153 26
140 155 27
140 156 26
140 157 62
140 158 14
140 169 6
140 176 72
140 186 76
140 198 55
140 199 54
140 206 33
140 214 43
140 235 7
140 240 20
140 241 2
140 250 25
140 253 35
140 277 79
140 278 43
140 279 77
140 284 57
141 191 28
141 206 3
141 215 70
141 255 87
141 271 76
141 277 87
141 285 11
141 286 97
141 289 16
141 297 94
142 180 25
142 193 95
142 204 28
142 230 54
142 233 28
142 235 16
142 241 51
142 269 23
142 278 27
142 285 95
142 299 13
143 172 75
143 178 87
143 186 84
143 209 50
143 220 78
143 223 34
143 231 95
143 239 21
143 262 29
143 268 66
143 270 73
143 282 22
143 292 78
143 295 29
143 297 50
144 165 2
144 177 5
144 188 95
144 191 84
144 193 16
144 196 93
144 197 58
144 235 91
144 240 16
144 241 18
144 253 39
144 257 51
144 278 78
144 290 47
144 298 41
145 148 61
145 151 32
145 152 92
145 170 55
145 180 41
145 184 11
145 189 92
145 191 76
145 201 28
145 207 41
145 219 2
145 224 11
145 225 34
145 243 30
145 251 88
145 257 42
145 268 1
145 279 37
145 281 47
145 291 30
146 150 55
146 172 57
146 173 71
146 174 81
146 177 11
146 180 90
146 199 5
146 226 69
146 231 62
146 248 80
146 265 78
146 268 51
146 298 86
147 186 86
147 191 93
147 211 71
147 218 13
147 221 85
147 226 29
147 234 91
147 254 28
147 259 22
147 284 30
148 158 13
148 170 42
148 177 54
148 182 35
148 189 59
148 219 26
148 222 42
148 229 40
148 231 6
148 233 3
148 235 100
148 238 91
148 247 38
148 249 54
148 265 95
148 268 96
148 270 23
148 274 3
148 278 97
148 281 84
148 299 14
149 160 46
149 163 4
149 165 58
149 167 76
149 180 42
149 223 2
149 241 39
149 251 72
149 285 97
149 296 95
150 155 83
150 157 76
150 160 87
150 162 76
150 166 26
150 168 86
150 174 26
150 192 61
150 202 55
150 212 92
150 216 82
150 229 3
150 235 46
150 248 24
150 253 30
150 254 67
150 260 42
150 270 86
150 274 40
150 278 94
150 279 57
150 289 68
150 296 45
150 297 93
151 159 55
151 170 99
151 176 9
151 194 66
151 203 22
151 204 86
151 240 40
151 260 17
151 264 52
151 280 92
151 294 34
152 189 80
152 192 97
152 194 47
152 201 64
152 222 64
152 226 35
152 229 79
152 243 74
152 251 13
152 258 63
152 270 88
152 274 45
152 286 11
153 158 90
153 177 33
153 181 25
153 182 69
153 190 73
153 206 18
153 212 43
153 214 40
153 215 2
153 231 40
153 236 10
153 240 44
153 244 77
153 245 85
153 246 69
153 254 5
153 268 41
153 288 40
153 299 48
154 163 76
154 172 50
154 181 67
154 196 11
154 202 34
154 234 3
154 238 91
154 251 96
154 258 4
154 275 16
154 280 79
154 289 1
154 291 11
155 175 18
155 190 56
155 191 74
155 193 7
155 196 42
155 208 6
155 215 40
155 220 1
155 221 68
155 228 81
155 235 90
155 242 88
155 250 21
155 259 24
155 282 46
155 285 98
155 296 24
155 297 57
156 184 20
156 185 16
156 189 55
156 202 29
156 207 10
156 213 55
156 217 18
156 219 10
156 245 67
156 251 77
156 252 36
156 266 25
156 275 79
156 282 3
156 288 35
157 158 19
157 160 99
157 164 4
157 182 76
157 187 44
157 208 83
157 211 15
157 228 62
157 238 50
157 246 51
157 250 31
157 256 45
157 257 40
157 263 30
157 267 81
157 283 69
158 161 41
158 177 59
158 198 48
158 212 87
158 221 50
158 232 62
158 235 11
158 248 76
158 251 12
158 256 12
158 257 51
158 259 30
158 264 95
158 279 99
158 287 71
159 167 45
159 171 47
159 187 26
159 203 10
159 204 18
159 206 49
159 221 75
159 230 9
159 238 45
159 286 22
160 188 42
160 192 25
160 193 13
160 209 68
160 243 32
160 254 20
160 288 69
160 295 12
160 299 17
161 165 70
161 171 3
161 183 18
161 194 97
161 201 100
161 206 4
161 209 43
161 219 54
161 227 5
161 233 44
161 234 77
161 241 89
161 252 15
161 259 45
161 264 9
161 266 39
161 274 69
161 275 87
161 278 73
161 285 54
161 297 29
162 165 96
162 188 51
162 190 43
162 194 71
162 202 45
162 229 73
162 230 65
162 257 77
162 261 10
162 264 59
162 269 73
162 289 29
163 164 64
163 166 10
163 179 34
163 193 49
163 196 61
163 198 6
163 207 60
163 208 64
163 214 50
163 217 76
163 225 10
163 230 65
163 235 34
163 253 68
163 257 19
163 259 4
163 262 19
163 264 32
163 277 5
163 281 50
163 288 84
163 291 73
163 295 26
164 173 29
164 184 37
164 206 44
164 219 34
164 228 82
164 230 31
164 243 10
164 244 26
164 249 49
164 257 82
164 267 22
164 281 52
165 197 87
165 200 100
165 204 12
165 212 30
165 243 76
165 245 44
165 259 34
165 281 34
165 283 72
165 291 47
165 294 8
165 297 93
166 187 18
166 189 28
166 201 47
166 202 73
166 213 76
166 228 75
166 234 24
166 248 96
166 250 86
166 256 11
166 263 15
166 264 3
166 289 10
166 292 87
167 193 67
167 195 46
167 203 59
167 214 33
167 218 71
167 228 90
167 243 38
167 244 43
167 256 85
167 260 54
167 296 54
168 191 51
168 213 79
168 233 68
168 238 91
168 249 18
168 261 73
168 266 1
168 293 5
168 296 56
169 172 2
169 177 47
169 178 36
169 182 12
169 183 41
169 187 35
169 190 64
169 210 68
169 212 15
169 224 28
169 226 47
169 247 3
169 249 71
169 262 36
169 276 30
169 293 19
170 181 78
170 230 14
170 243 21
170 266 20
170 268 97
170 290 55
170 295 99
171 182 22
171 188 93
171 201 82
171 210 51
171 219 27
171 221 32
171 228 89
171 262 30
171 265 69
171 274 30
172 189 90
172 191 60
172 217 15
172 223 52
172 227 67
172 238 24
172 247 56
172 249 44
172 251 16
172 257 34
172 263 37
172 274 82
172 292 33
173 174 89
173 175 46
173 183 55
173 201 90
173 204 44
173 210 75
173 220 62
173 223 34
173 232 68
173 238 89
173 249 76
173 266 57
173 280 84
173 288 75
174 196 70
174 200 55
174 206 92
174 217 48
174 249 6
174 268 34
174 269 28
174 281 13
174 282 24
174 294 57
174 299 21
175 190 46
175 215 37
175 216 72
175 219 57
175 228 76
175 251 7
175 259 25
175 264 62
175 268 34
175 294 17
175 299 83
176 191 80
176 198 95
176 203 57
176 207 14
176 220 86
176 221 83
176 229 49
176 231 79
176 233 6
176 243 21
176 267 42
176 287 5
176 289 69
177 193 98
177 209 4
177 217 51
177 237 15
177 245 100
177 247 53
177 248 91
177 263 30
177 264 2
177 266 61
177 274 22
177 288 41
178 189 32
178 191 27
178 205 8
178 228 77
178 233 54
178 236 67
178 242 2
178 247 47
178 257 59
178 263 3
178 266 62
178 270 66
178 284 84
178 285 77
178 286 6
178 287 27
179 216 88
179 226 10
179 242 55
179 249 49
179 268 70
179 269 41
179 279 80
179 291 74
179 295 5
180 194 6
180 217 93
180 219 14
180 220 15
180 231 92
180 235 76
180 245 8
180 249 62
180 251 41
180 254 35
180 276 48
180 282 63
180 294 84
181 189 45
181 209 54
181 238 32
181 241 97
181 254 15
181 255 24
181 259 51
181 282 85
182 184 3
182 185 32
182 205 68
182 211 20
182 212 7
182 218 63
182 220 87
182 223 25
182 227 9
182 233 33
182 236 14
182 251 16
182 269 8
182 288 96
183 220 88
183 226 74
183 241 49
183 249 7
183 264 36
183 272 73
183 293 87
183 299 26
184 194 76
184 202 66
184 205 78
184 224 14
184 226 33
184 228 6
184 255 68
184 262 83
184 280 60
184 281 4
184 283 53
184 288 44
185 205 10
185 219 59
185 224 60
185 227 54
185 236 42
185 268 65
185 273 20
185 288 96
185 297 72
186 193 25
186 195 82
186 197 76
186 207 80
186 212 15
186 213 18
186 235 76
186 276 64
186 279 74
187 189 45
187 197 64
187 204 48
187 213 20
187 229 62
187 231 56
187 249 97
187 264 77
187 279 90
187 285 57
187 289 59
188 190 45
188 192 8
188 204 6
188 207 99
188 222 24
188 223 68
188 224 87
188 228 74
188 274 36
188 275 75
188 280 20
188 292 27
189 194 45
189 214 26
189 219 11
189 224 80
189 230 22
189 236 76
189 243 80
189 251 52
189 269 64
189 276 19
189 286 20
189 293 83
190 192 72
190 201 35
190 204 47
190 209 32
190 220 37
190 221 64
190 230 39
190 232 82
190 240 87
190 242 20
190 245 3
190 256 70
190 263 54
190 268 38
190 276 38
190 282 55
191 197 4
191 201 29
191 207 40
191 239 59
191 241 42
191 245 77
191 246 32
191 270 45
192 198 64
192 201 46
192 216 76
192 217 42
192 221 81
192 227 62
192 228 23
192 241 86
192 244 76
192 253 45
192 255 7
192 276 72
192 278 78
192 295 68
193 199 53
193 202 70
193 223 67
193 230 90
193 239 15
193 253 45
193 269 86
193 279 5
193 288 3
194 202 67
194 242 23
194 250 80
194 258 45
194 265 15
194 278 99
195 198 10
195 205 6
195 239 92
195 240 57
195 250 6
195 252 92
195 272 18
195 278 64
195 287 68
195 288 48
195 296 35
195 297 77
195 298 22
196 198 1
196 207 97
196 213 68
196 216 99
196 221 93
196 222 24
196 235 89
196 256 63
196 287 29
196 290 15
196 298 74
197 200 60
197 220 1
197 237 22
197 243 94
197 244 62
197 247 31
197 254 7
197 275 67
197 276 61
197 279 37
197 285 19
198 209 62
198 216 100
198 226 37
198 262 24
198 273 42
198 275 9
198 279 26
198 289 21
199 201 37
199 213 75
199 229 14
199 232 31
199 239 80
199 240 50
199 245 52
199 251 73
199 256 83
199 266 38
199 268 60
199 272 17
199 288 82
200 203 24
200 228 48
200 248 97
200 269 16
201 211 19
201 212 31
201 233 14
201 234 43
201 235 9
201 240 2
201 242 82
201 253 3
201 254 69
201 256 86
201 257 58
201 259 33
201 264 80
201 268 86
201 279 70
202 229 38
202 231 17
202 232 48
202 245 56
202 249 75
202 263 28
202 264 34
202 272 94
202 281 65
202 284 39
202 293 1
203 211 93
203 214 9
203 228 56
203 241 82
203 247 81
203 255 24
203 258 90
203 280 1
203 282 30
203 283 32
204 238 24
204 239 94
204 246 58
204 258 81
204 262 85
204 263 96
204 279 7
204 285 7
205 211 26
205 229 41
205 231 35
205 248 67
205 253 52
205 264 29
205 266 68
205 287 68
206 216 45
206 219 19
206 228 58
206 241 99
206 250 21
206 258 51
206 275 68
206 283 83
206 288 7
206 296 21
207 214 80
207 229 96
207 231 45
207 232 3
207 242 36
207 243 29
207 260 86
207 271 96
207 273 61
207 279 91
207 289 42
208 242 41
208 253 28
208 261 91
208 267 13
208 273 88
208 279 18
208 289 96
208 293 18
208 299 84
209 210 54
209 218 85
209 224 44
209 227 97
209 235 4
209 239 29
209 242 13
209 244 27
209 249 71
209 255 97
209 256 34
209 261 18
209 284 12
209 294 66
210 245 35
210 261 4
210 271 75
210 277 61
211 222 66
211 227 87
211 231 36
211 255 93
211 262 98
211 269 27
211 281 90
211 284 14
211 286 31
211 299 76
212 232 29
212 257 17
212 258 94
212 259 77
212 278 32
212 283 93
213 217 31
213 228 34
213 267 86
213 278 17
214 220 56
214 221 24
214 238 55
214 240 83
214 247 48
214 261 46
214 274 73
215 229 19
215 233 36
215 239 28
215 252 95
215 256 17
215 257 53
215 278 39
215 291 92
215 292 90
215 293 20
216 239 39
216 265 37
216 273 54
216 274 51
216 277 23
216 280 2
216 284 49
217 227 14
217 232 78
217 279 75
217 292 49
217 296 57
218 239 5
218 250 69
218 255 14
218 264 67
218 266 75
218 268 88
218 288 79
218 293 82
219 223 36
219 229 20
219 239 40
219 276 25
219 277 27
219 295 46
220 233 52
220 251 19
220 269 85
220 270 63
220 273 7
220 276 65
220 281 8
220 286 8
221 234 74
221 238 31
221 263 11
221 282 91
221 285 23
221 289 33
221 296 76
221 297 26
222 232 43
222 234 11
222 257 23
222 262 19
222 265 1
222 267 7
222 278 18
222 288 69
222 295 7
223 226 58
223 230 70
223 236 15
223 237 97
223 253 71
223 270 49
223 286 90
224 225 40
224 234 90
224 236 29
224 240 51
224 256 90
224 260 91
224 266 63
224 268 96
224 280 51
224 289 22
225 230 71
225 257 79
225 259 3
225 271 30
225 272 62
225 273 38
225 277 58
225 279 28
225 294 36
226 229 39
226 245 85
226 268 60
226 281 62
226 285 72
226 287 8
226 290 96
227 234 48
227 239 26
227 246 81
227 272 75
227 274 48
227 287 44
228 244 84
228 265 19
228 272 89
228 282 24
228 284 32
228 285 98
228 286 52
229 244 27
229 271 42
229 285 23
229 287 56
229 299 90
230 238 34
230 252 3
230 253 26
230 256 75
230 277 42
230 287 41
231 236 19
231 257 18
231 272 28
231 281 29
231 286 10
231 289 49
232 258 36
232 264 82
232 275 61
232 288 16
232 289 36
232 290 35
232 299 39
233 257 66
233 273 42
233 283 48
233 286 24
233 289 53
234 237 19
234 240 40
234 246 33
234 253 43
234 261 38
234 266 92
234 268 27
234 270 78
234 277 6
234 285 52
234 290 31
235 241 86
235 251 63
235 276 80
235 282 32
235 284 73
235 290 26
235 295 15
235 296 32
235 297 28
236 238 40
236 256 49
236 259 6
236 264 51
236 275 71
236 293 77
236 297 78
237 245 60
237 246 33
237 258 68
237 261 56
237 262 60
237 268 57
237 282 78
237 286 7
237 294 99
237 296 74
238 255 25
238 258 69
238 286 65
238 297 94
239 255 87
239 299 16
240 244 25
240 268 50
240 274 24
240 284 80
241 248 82
241 263 60
241 266 36
241 267 11
241 268 61
241 273 59
241 293 39
242 251 34
242 256 49
242 271 22
242 277 70
242 278 41
242 291 18
242 294 73
243 265 84
243 276 80
243 288 86
243 297 16
244 250 65
244 252 18
244 253 48
244 260 94
244 264 73
244 277 96
244 284 41
245 250 77
245 279 44
245 280 3
245 286 67
246 247 100
246 255 63
246 267 20
246 285 66
246 290 26
247 249 28
247 262 6
247 269 32
247 272 47
247 278 82
247 279 58
247 296 33
247 297 31
247 298 41
248 252 65
248 257 12
248 258 56
248 263 8
248 277 99
248 278 8
248 280 14
248 281 24
248 286 22
248 290 90
248 298 69
249 253 67
249 256 85
249 258 48
249 263 92
249 298 40
249 299 30
250 254 77
250 258 99
250 264 93
250 265 33
250 273 48
250 289 17
250 293 63
250 297 74
251 255 93
251 263 76
251 265 25
251 268 47
251 279 41
251 283 1
251 285 65
251 294 90
252 261 54
252 267 94
252 268 44
252 277 73
252 280 52
252 282 10
252 288 33
252 299 30
253 259 36
253 263 35
253 265 97
253 267 39
253 277 53
253 286 36
253 293 45
253 299 49
254 262 100
254 270 13
254 279 4
254 289 36
254 292 71
255 256 74
255 263 52
255 277 91
255 282 92
255 298 28
255 299 43
256 274 10
256 277 53
256 285 36
256 289 31
256 291 52
257 273 37
257 281 76
257 294 4
258 284 44
258 287 33
259 261 54
259 267 29
259 280 84
259 294 32
260 292 38
261 263 66
261 269 32
261 280 15
262 272 43
262 273 4
262 298 23
263 272 28
264 267 96
264 275 84
264 290 92
264 295 92
264 296 21
266 277 76
266 283 76
266 289 26
266 298 52
267 295 65
267 296 73
268 282 52
268 289 61
269 298 31
270 277 71
270 295 85
272 285 66
272 288 80
273 277 7
273 285 63
273 286 5
273 296 89
275 277 21
276 291 8
276 295 42
276 299 77
277 296 26
278 281 5
279 286 77
280 284 2
280 287 76
281 282 66
281 291 67
281 293 49
283 285 51
283 286 18
284 294 10
284 295 58
286 291 86
287 291 38
288 297 25
289 299 7
290 293 81
290 296 19
290 298 74
291 292 24
293 297 9
293 298 73
296 299 4
297 298 59
