0 23 9
0 41 88
0 57 66
0 60 45
0 76 92
0 97 4
1 6 28
1 22 42
1 40 14
1 46 98
1 50 92
1 61 11
1 63 17
1 76 66
1 82 76
1 86 20
2 28 27
2 35 25
2 51 88
2 53 3
2 66 95
2 71 28
2 80 94
2 93 33
3 38 77
3 48 21
3 76 42
3 96 13
4 9 60
4 14 44
4 16 12
4 40 95
4 56 40
4 79 19
4 94 92
4 99 55
5 8 85
5 14 41
5 21 3
5 24 49
5 29 56
5 48 87
5 55 72
5 57 13
5 61 34
5 76 24
5 83 23
5 93 1
5 95 35
6 15 59
6 19 33
6 45 63
6 47 99
6 83 29
6 87 51
6 98 3
6 99 46
7 40 9
7 41 42
7 58 43
7 66 5
7 83 29
7 87 29
7 95 85
7 97 63
8 14 21
8 16 18
8 17 35
8 28 4
8 41 98
8 51 60
8 52 52
8 70 84
8 71 39
8 73 28
8 78 62
9 27 66
9 32 63
9 33 69
9 34 44
9 54 34
9 56 50
9 59 62
9 65 3
9 72 45
9 88 33
9 89 62
10 19 89
10 25 31
10 38 70
10 49 77
10 53 59
10 55 90
10 75 77
10 78 44
10 79 2
10 84 87
10 85 82
10 87 98
11 30 35
11 33 30
11 36 46
11 39 69
11 40 2
11 46 6
11 60 51
11 67 37
11 84 54
11 91 91
11 96 66
11 97 48
12 19 28
12 20 53
12 28 17
12 32 98
12 34 22
12 47 61
12 48 49
12 52 75
12 60 71
12 63 71
12 68 29
12 80 15
12 84 9
13 31 54
13 35 16
13 41 81
13 60 89
13 99 76
14 17 43
14 22 45
14 26 53
14 65 46
14 91 65
14 94 87
15 24 40
15 31 41
15 55 95
15 62 7
15 73 45
15 75 15
15 77 73
16 38 15
16 40 15
16 46 77
16 60 24
16 87 90
17 47 100
17 66 21
17 70 25
17 75 54
17 87 6
17 89 82
17 94 64
17 97 19
17 98 18
18 21 87
18 32 19
18 34 86
18 40 73
18 70 36
18 72 97
18 80 39
19 22 12
19 42 90
19 51 45
19 53 75
19 58 28
19 74 56
19 79 55
19 94 90
20 27 21
20 30 89
20 31 52
20 38 12
20 39 41
20 42 24
20 44 3
20 63 29
20 68 85
20 74 64
20 87 72
20 91 40
21 23 90
21 24 2
21 29 70
21 30 22
21 32 25
21 33 72
21 37 38
21 67 1
21 70 61
21 72 25
21 75 53
21 94 34
22 44 73
22 49 82
22 54 32
22 70 9
22 79 31
22 80 93
22 86 57
22 91 23
22 95 22
23 38 1
23 70 29
23 76 61
23 77 69
23 80 64
24 36 46
24 61 64
24 84 45
24 85 1
25 42 14
25 50 11
25 54 96
25 64 82
25 69 18
25 82 86
25 85 11
25 94 86
25 97 38
26 28 3
26 30 23
26 39 94
26 40 67
26 44 37
26 45 5
26 48 73
26 56 19
26 82 19
26 84 61
26 91 64
26 98 59
27 49 85
27 53 18
27 54 11
27 55 40
27 66 54
27 82 3
27 94 60
28 42 35
28 66 54
28 68 77
28 89 85
29 33 16
29 62 18
29 72 42
29 82 24
30 44 27
30 46 39
30 47 24
30 50 49
30 54 67
30 58 61
30 63 84
30 64 62
30 81 71
30 92 24
31 36 19
31 38 92
31 45 91
31 49 99
31 51 5
31 63 37
31 76 67
31 81 50
31 89 41
32 38 10
32 48 39
32 63 73
32 82 66
32 88 18
33 39 19
33 60 47
33 67 94
33 83 83
33 85 88
33 86 14
33 87 97
34 35 78
34 47 51
34 50 8
34 52 90
34 60 75
34 75 42
35 45 92
35 49 37
35 53 81
35 54 76
35 62 8
35 70 33
35 72 50
35 82 88
35 89 67
36 45 19
36 54 79
36 62 48
36 81 34
36 82 51
36 88 33
37 45 82
37 46 21
37 49 38
37 55 9
37 89 92
38 41 48
38 61 9
38 69 58
38 79 7
38 82 59
38 86 37
38 87 10
38 90 66
38 92 80
39 40 55
39 56 36
39 61 49
39 65 78
39 74 40
39 76 33
39 77 97
39 79 22
39 89 34
40 45 47
40 52 5
40 57 32
40 64 11
40 69 95
40 70 95
40 74 7
40 81 98
40 85 83
41 42 90
41 52 49
41 67 59
41 79 25
41 82 86
41 84 11
41 92 15
42 43 90
42 68 42
42 71 9
42 78 57
42 81 51
42 94 76
43 44 39
43 50 2
43 51 65
43 74 48
43 88 81
43 98 98
44 46 57
44 69 90
44 70 15
44 72 16
44 74 15
44 76 5
44 83 87
44 90 68
44 97 65
44 98 1
45 50 59
45 65 89
45 81 47
45 88 39
45 92 41
46 60 92
46 68 36
46 75 15
47 76 32
47 85 72
47 91 22
47 92 26
48 57 30
48 84 67
49 52 55
49 55 75
49 59 87
49 78 65
50 56 34
50 59 76
51 55 74
51 67 40
51 69 41
51 73 45
51 79 80
51 81 38
51 97 56
52 59 85
52 60 37
52 76 42
52 90 86
53 54 68
53 55 75
53 58 47
53 60 1
53 66 16
53 92 69
54 61 79
54 82 63
54 83 75
54 90 60
54 98 72
55 56 50
55 65 7
55 77 69
55 79 33
55 81 53
55 86 13
55 92 17
56 59 11
56 90 10
56 95 48
57 59 87
57 69 20
57 71 76
57 75 25
57 81 7
57 88 92
57 93 9
58 61 42
58 79 77
58 83 19
58 86 93
58 89 34
58 90 53
58 98 58
59 61 90
59 64 84
59 67 88
59 74 77
59 78 84
59 89 72
59 93 68
60 62 92
60 71 96
60 92 65
60 94 28
60 95 26
60 98 27
61 65 42
61 70 8
61 77 9
61 85 91
61 93 78
61 98 47
62 65 35
62 80 22
62 86 9
62 99 8
63 93 59
63 96 82
64 72 38
64 81 21
65 85 32
65 98 80
66 70 18
66 83 72
66 87 13
66 88 87
66 96 74
66 97 85
67 70 56
67 90 86
67 97 77
68 77 11
68 86 32
69 76 100
69 96 80
70 74 92
70 80 52
70 85 26
70 96 37
70 97 59
71 96 10
72 79 21
72 82 11
73 91 50
73 94 16
73 99 5
74 76 24
74 78 27
74 83 29
75 87 49
76 87 7
76 92 47
76 97 62
78 84 97
78 91 12
78 93 91
79 95 51
80 83 18
80 95 7
81 95 52
81 97 40
82 83 32
82 89 93
82 91 83
83 95 76
84 94 74
84 97 89
85 94 71
87 95 99
87 98 40
88 98 58
89 95 50
90 95 27
90 98 92
93 97 70
94 97 84
